1778856909506 0.7673630118370056 0
1778856910523 0.824877917766571 1
1778856911745 0.8397992253303528 2
1778856912674 0.8490233421325684 3
1778856914249 0.8544492721557617 4
1778856915719 0.8549918532371521 5
1778856917168 0.8553988337516785 6
1778856918558 0.8591969609260559 7
1778856919784 0.8570265769958496 8
1778856921111 0.857433557510376 9
1778856922495 0.8579761385917664 10
1778856923950 0.8593326210975647 11
1778856925042 0.8590613007545471 12
1778856926118 0.8609603643417358 13
1778856927245 0.8619099259376526 14
1778856928201 0.8648942112922668 15
1778856929515 0.862452507019043 16
1778856930854 0.8632664084434509 17
1778856932206 0.8650298714637756 18
1778856933017 0.8662506937980652 19
1778856934152 0.865572452545166 20
1778856935151 0.8672001957893372 21
1778856936226 0.8667932748794556 22
1778856937650 0.866521954536438 23
1778856939205 0.8682854175567627 24
1778856940462 0.8682854175567627 25
1778856941619 0.8674715161323547 26
1778856942782 0.8667932748794556 27
1778856944132 0.8667932748794556 28
1778856945296 0.8685566782951355 29
1778856946671 0.8684210777282715 30
1778856948091 0.8685566782951355 31
1778856949496 0.8672001957893372 32
1778856950845 0.8692349195480347 33
1778856952176 0.8690993189811707 34
1778856953490 0.8689636588096619 35
1778856955076 0.8695062398910522 36
1778856956406 0.8692349195480347 37
1778856957535 0.8688279986381531 38
1778856958704 0.8688279986381531 39
1778856960063 0.8701844811439514 40
1778856961182 0.870455801486969 41
1778856962423 0.8707270622253418 42
1778856963641 0.870591402053833 43
1778856965027 0.871405303478241 44
1778856966311 0.8692349195480347 45
1778856967633 0.8712696433067322 46
1778856969128 0.8711340427398682 47
1778856970594 0.8695062398910522 48
1778856971854 0.8722192049026489 49
1778856909506 0.7673630118370056 0
