1778856909506 0.5016505718231201 0
1778856910523 0.4071258008480072 1
1778856911745 0.37790432572364807 2
1778856912674 0.363117516040802 3
1778856914249 0.35230275988578796 4
1778856915719 0.3478744924068451 5
1778856917168 0.3443572521209717 6
1778856918558 0.3420742452144623 7
1778856919784 0.34070730209350586 8
1778856921111 0.3396930396556854 9
1778856922495 0.33731475472450256 10
1778856923950 0.3364928364753723 11
1778856925042 0.33544278144836426 12
1778856926118 0.3338198959827423 13
1778856927245 0.33279311656951904 14
1778856928201 0.3319859504699707 15
1778856929515 0.3306530714035034 16
1778856930854 0.3319288194179535 17
1778856932206 0.3293592035770416 18
1778856933017 0.3277903199195862 19
1778856934152 0.32791513204574585 20
1778856935151 0.32688578963279724 21
1778856936226 0.3266224265098572 22
1778856937650 0.3260943591594696 23
1778856939205 0.3248657286167145 24
1778856940462 0.32460418343544006 25
1778856941619 0.32424232363700867 26
1778856942782 0.3228847086429596 27
1778856944132 0.3227899372577667 28
1778856945296 0.3225363790988922 29
1778856946671 0.3226931691169739 30
1778856948091 0.32101285457611084 31
1778856949496 0.3215892016887665 32
1778856950845 0.3209686279296875 33
1778856952176 0.31982097029685974 34
1778856953490 0.3195524513721466 35
1778856955076 0.3194188177585602 36
1778856956406 0.31829118728637695 37
1778856957535 0.3182504177093506 38
1778856958704 0.31844839453697205 39
1778856960063 0.318175345659256 40
1778856961182 0.31736814975738525 41
1778856962423 0.3163297176361084 42
1778856963641 0.31630727648735046 43
1778856965027 0.3157280385494232 44
1778856966311 0.3157440721988678 45
1778856967633 0.31551483273506165 46
1778856969128 0.31450653076171875 47
1778856970594 0.31493625044822693 48
1778856971854 0.31437423825263977 49
1778856909506 0.5016505718231201 0
