1778835747865 0.7896093130111694 0
1778835749437 0.8235214352607727 1
1778835750314 0.8365436792373657 2
1778835751111 0.8488876819610596 3
1778835752159 0.8537710309028625 4
1778835753189 0.8570265769958496 5
1778835754747 0.8589256405830383 6
1778835756259 0.8587900400161743 7
1778835757640 0.8593326210975647 8
1778835759091 0.8605534434318542 9
1778835760457 0.8627238273620605 10
1778835761903 0.8646228909492493 11
1778835763249 0.8644872307777405 12
1778835764451 0.8627238273620605 13
1778835765666 0.8632664084434509 14
1778835767107 0.8635377287864685 15
1778835768238 0.8647585511207581 16
1778835769633 0.8653011322021484 17
1778835771096 0.8657081127166748 18
1778835772501 0.8670645952224731 19
1778835774064 0.8658437132835388 20
1778835775431 0.8658437132835388 21
1778835776727 0.8642159700393677 22
1778835778098 0.8662506937980652 23
1778835779509 0.8669289350509644 24
1778835780901 0.8661150336265564 25
1778835782142 0.8661150336265564 26
1778835783157 0.8667932748794556 27
1778835784274 0.8662506937980652 28
1778835785323 0.8682854175567627 29
1778835786745 0.8677428364753723 30
1778835788267 0.8688279986381531 31
1778835789894 0.8697775602340698 32
1778835791345 0.8678784370422363 33
1778835792800 0.8695062398910522 34
1778835794259 0.8692349195480347 35
1778835795621 0.8677428364753723 36
1778835797011 0.8695062398910522 37
1778835798269 0.8688279986381531 38
1778835799451 0.8703201413154602 39
1778835800871 0.8708627223968506 40
1778835801895 0.8703201413154602 41
1778835802968 0.8708627223968506 42
1778835804381 0.8686923384666443 43
1778835805925 0.8701844811439514 44
1778835807345 0.8680140972137451 45
1778835808863 0.8712696433067322 46
1778835810229 0.869641900062561 47
1778835811667 0.8707270622253418 48
1778835813137 0.8727617859840393 49
1778835747865 0.7896093130111694 0
