1778835747865 0.4729812443256378 0
1778835749437 0.41043326258659363 1
1778835750314 0.386893630027771 2
1778835751111 0.36562323570251465 3
1778835752159 0.3533821702003479 4
1778835753189 0.34726858139038086 5
1778835754747 0.34341615438461304 6
1778835756259 0.34092098474502563 7
1778835757640 0.3380219638347626 8
1778835759091 0.3370771110057831 9
1778835760457 0.33564457297325134 10
1778835761903 0.33321619033813477 11
1778835763249 0.3333321213722229 12
1778835764451 0.3314198851585388 13
1778835765666 0.3309820890426636 14
1778835767107 0.33047938346862793 15
1778835768238 0.32962337136268616 16
1778835769633 0.328238308429718 17
1778835771096 0.32768353819847107 18
1778835772501 0.32745999097824097 19
1778835774064 0.3262265622615814 20
1778835775431 0.3265937864780426 21
1778835776727 0.3257143199443817 22
1778835778098 0.3246450126171112 23
1778835779509 0.3230851888656616 24
1778835780901 0.32295161485671997 25
1778835782142 0.32257941365242004 26
1778835783157 0.32162928581237793 27
1778835784274 0.32135921716690063 28
1778835785323 0.3202950358390808 29
1778835786745 0.32000812888145447 30
1778835788267 0.3201238214969635 31
1778835789894 0.3191708028316498 32
1778835791345 0.3188786506652832 33
1778835792800 0.3181384801864624 34
1778835794259 0.31832388043403625 35
1778835795621 0.3180502951145172 36
1778835797011 0.3171134889125824 37
1778835798269 0.3175783157348633 38
1778835799451 0.3155965209007263 39
1778835800871 0.3154464066028595 40
1778835801895 0.3160134255886078 41
1778835802968 0.31425681710243225 42
1778835804381 0.3140780031681061 43
1778835805925 0.31384122371673584 44
1778835807345 0.3146211504936218 45
1778835808863 0.31322547793388367 46
1778835810229 0.3127081096172333 47
1778835811667 0.3128243386745453 48
1778835813137 0.31251832842826843 49
1778835747865 0.4729812443256378 0
