1778826794960 0.7722463607788086 0
1778826795683 0.8243353366851807 1
1778826796362 0.8388497233390808 2
1778826797027 0.8506510853767395 3
1778826797766 0.8541779518127441 4
1778826798494 0.8558057546615601 5
1778826799205 0.858383059501648 6
1778826799917 0.8608247637748718 7
1778826800741 0.85756915807724 8
1778826801432 0.8593326210975647 9
1778826802226 0.8600108623504639 10
1778826802849 0.8632664084434509 11
1778826803470 0.8620455861091614 12
1778826804141 0.8617742657661438 13
1778826804834 0.8627238273620605 14
1778826805495 0.862452507019043 15
1778826806158 0.8657081127166748 16
1778826806890 0.8646228909492493 17
1778826807599 0.8639446496963501 18
1778826808351 0.8631307482719421 19
1778826809090 0.8647585511207581 20
1778826809804 0.867335855960846 21
1778826810500 0.8680140972137451 22
1778826811270 0.8648942112922668 23
1778826811998 0.8666576147079468 24
1778826812641 0.8674715161323547 25
1778826813269 0.8678784370422363 26
1778826813905 0.8659793734550476 27
1778826814563 0.8662506937980652 28
1778826815463 0.8672001957893372 29
1778826816211 0.8669289350509644 30
1778826817000 0.8661150336265564 31
1778826817714 0.8676071763038635 32
1778826819027 0.8693705797195435 33
1778826819783 0.869641900062561 34
1778826820440 0.8711340427398682 35
1778826821090 0.8677428364753723 36
1778826821769 0.8703201413154602 37
1778826822403 0.8700488209724426 38
1778826823143 0.8692349195480347 39
1778826823816 0.8715409636497498 40
1778826824442 0.8680140972137451 41
1778826825078 0.8703201413154602 42
1778826825716 0.8681497573852539 43
1778826826361 0.8716766238212585 44
1778826827049 0.8695062398910522 45
1778826827693 0.8723548650741577 46
1778826828377 0.8707270622253418 47
1778826829046 0.8722192049026489 48
1778826829747 0.8709983825683594 49
1778826794960 0.7722463607788086 0
