1778826794960 0.49043604731559753 0
1778826795683 0.40400978922843933 1
1778826796362 0.3806054890155792 2
1778826797027 0.36593785881996155 3
1778826797766 0.35638049244880676 4
1778826798494 0.3505198359489441 5
1778826799205 0.34682944416999817 6
1778826799917 0.3439789116382599 7
1778826800741 0.34247085452079773 8
1778826801432 0.3409593105316162 9
1778826802226 0.33907440304756165 10
1778826802849 0.3371959328651428 11
1778826803470 0.33609524369239807 12
1778826804141 0.3347311317920685 13
1778826804834 0.3335893750190735 14
1778826805495 0.332536906003952 15
1778826806158 0.33167749643325806 16
1778826806890 0.330053448677063 17
1778826807599 0.3309636116027832 18
1778826808351 0.32854437828063965 19
1778826809090 0.3274252116680145 20
1778826809804 0.32788780331611633 21
1778826810500 0.3259444832801819 22
1778826811270 0.32605695724487305 23
1778826811998 0.325618177652359 24
1778826812641 0.3249996602535248 25
1778826813269 0.3239031136035919 26
1778826813905 0.3236083686351776 27
1778826814563 0.3232133984565735 28
1778826815463 0.3222496509552002 29
1778826816211 0.3220090866088867 30
1778826817000 0.32175514101982117 31
1778826817714 0.32110148668289185 32
1778826819027 0.3204681873321533 33
1778826819783 0.3198264241218567 34
1778826820440 0.3186710774898529 35
1778826821090 0.3180679678916931 36
1778826821769 0.3174119293689728 37
1778826822403 0.31702351570129395 38
1778826823143 0.3163433074951172 39
1778826823816 0.31614959239959717 40
1778826824442 0.31596946716308594 41
1778826825078 0.3157479763031006 42
1778826825716 0.31515511870384216 43
1778826826361 0.31403401494026184 44
1778826827049 0.3139991760253906 45
1778826827693 0.31362995505332947 46
1778826828377 0.31211531162261963 47
1778826829046 0.3118036687374115 48
1778826829747 0.31174448132514954 49
1778826794960 0.49043604731559753 0
