1778833448009 0.8008681535720825 0
1778833449580 0.8324742317199707 1
1778833452414 0.8480737805366516 2
1778833453896 0.8532284498214722 3
1778833455264 0.8567553162574768 4
1778833456588 0.8608247637748718 5
1778833457567 0.8601465225219727 6
1778833458412 0.8634020686149597 7
1778833459501 0.8638089895248413 8
1778833460585 0.8646228909492493 9
1778833461976 0.8636733293533325 10
1778833463611 0.8639446496963501 11
1778833465112 0.8643516302108765 12
1778833466533 0.8636733293533325 13
1778833468007 0.8662506937980652 14
1778833469588 0.8654367923736572 15
1778833470957 0.8669289350509644 16
1778833472421 0.8643516302108765 17
1778833473857 0.866521954536438 18
1778833475230 0.8659793734550476 19
1778833476733 0.8674715161323547 20
1778833477732 0.8678784370422363 21
1778833478761 0.8684210777282715 22
1778833480282 0.8692349195480347 23
1778833481753 0.8689636588096619 24
1778833483198 0.8700488209724426 25
1778833484569 0.8685566782951355 26
1778833485900 0.8693705797195435 27
1778833487208 0.866386353969574 28
1778833488766 0.8689636588096619 29
1778833489924 0.8682854175567627 30
1778833491145 0.8681497573852539 31
1778833492665 0.8699131608009338 32
1778833493665 0.870591402053833 33
1778833494945 0.8692349195480347 34
1778833496214 0.870455801486969 35
1778833497550 0.8677428364753723 36
1778833498984 0.8680140972137451 37
1778833500129 0.8708627223968506 38
1778833501508 0.871405303478241 39
1778833503136 0.8720835447311401 40
1778833504876 0.8715409636497498 41
1778833506164 0.8695062398910522 42
1778833507548 0.8686923384666443 43
1778833509147 0.8700488209724426 44
1778833510152 0.8722192049026489 45
1778833511522 0.8693705797195435 46
1778833513175 0.8719478845596313 47
1778833514765 0.8707270622253418 48
1778833516263 0.8719478845596313 49
1778833448009 0.8008681535720825 0
