1778833448009 0.46226218342781067 0
1778833449580 0.39958441257476807 1
1778833452414 0.37142857909202576 2
1778833453896 0.35604146122932434 3
1778833455264 0.34858009219169617 4
1778833456588 0.3436115086078644 5
1778833457567 0.34071117639541626 6
1778833458412 0.3369768559932709 7
1778833459501 0.33628782629966736 8
1778833460585 0.33392244577407837 9
1778833461976 0.33259448409080505 10
1778833463611 0.3310951888561249 11
1778833465112 0.33011338114738464 12
1778833466533 0.32902419567108154 13
1778833468007 0.32754942774772644 14
1778833469588 0.32773643732070923 15
1778833470957 0.3264755606651306 16
1778833472421 0.32596519589424133 17
1778833473857 0.32552972435951233 18
1778833475230 0.32506263256073 19
1778833476733 0.3242122530937195 20
1778833477732 0.3234464228153229 21
1778833478761 0.3223215937614441 22
1778833480282 0.3214699625968933 23
1778833481753 0.32178834080696106 24
1778833483198 0.32096734642982483 25
1778833484569 0.31997862458229065 26
1778833485900 0.32031118869781494 27
1778833487208 0.3208821415901184 28
1778833488766 0.3192192316055298 29
1778833489924 0.3180006146430969 30
1778833491145 0.31865280866622925 31
1778833492665 0.3178773522377014 32
1778833493665 0.31698232889175415 33
1778833494945 0.3169983923435211 34
1778833496214 0.31698715686798096 35
1778833497550 0.31546133756637573 36
1778833498984 0.31617221236228943 37
1778833500129 0.31629857420921326 38
1778833501508 0.31541556119918823 39
1778833503136 0.3145582973957062 40
1778833504876 0.3151901066303253 41
1778833506164 0.3150762915611267 42
1778833507548 0.3146262764930725 43
1778833509147 0.31441429257392883 44
1778833510152 0.31319659948349 45
1778833511522 0.3136736750602722 46
1778833513175 0.3123321831226349 47
1778833514765 0.31325986981391907 48
1778833516263 0.31246206164360046 49
1778833448009 0.46226218342781067 0
