1778836412156 0.7447097301483154 0
1778836413289 0.8251492381095886 1
1778836414959 0.8472598791122437 2
1778836416547 0.8513293266296387 3
1778836417994 0.852550208568573 4
1778836419606 0.8537710309028625 5
1778836421029 0.8548561930656433 6
1778836422345 0.8567553162574768 7
1778836423450 0.8567553162574768 8
1778836424525 0.8596038818359375 9
1778836425868 0.8602821230888367 10
1778836427187 0.8612316846847534 11
1778836428568 0.8601465225219727 12
1778836430152 0.8621812462806702 13
1778836431701 0.8639446496963501 14
1778836433063 0.8629950881004333 15
1778836434470 0.8629950881004333 16
1778836435811 0.8647585511207581 17
1778836437226 0.8647585511207581 18
1778836438640 0.8644872307777405 19
1778836439543 0.8651654720306396 20
1778836440427 0.8636733293533325 21
1778836441381 0.8651654720306396 22
1778836442614 0.8654367923736572 23
1778836443818 0.8658437132835388 24
1778836445241 0.8670645952224731 25
1778836446643 0.8669289350509644 26
1778836448062 0.8680140972137451 27
1778836449480 0.8669289350509644 28
1778836450977 0.866386353969574 29
1778836452439 0.8685566782951355 30
1778836453806 0.8697775602340698 31
1778836455101 0.8686923384666443 32
1778836455825 0.869641900062561 33
1778836456844 0.8670645952224731 34
1778836458065 0.8672001957893372 35
1778836459483 0.8690993189811707 36
1778836460948 0.8693705797195435 37
1778836462545 0.8699131608009338 38
1778836463705 0.8708627223968506 39
1778836464877 0.871405303478241 40
1778836466139 0.8707270622253418 41
1778836467261 0.8707270622253418 42
1778836468509 0.8697775602340698 43
1778836469894 0.8692349195480347 44
1778836471160 0.871405303478241 45
1778836472246 0.871405303478241 46
1778836473486 0.8697775602340698 47
1778836474793 0.870591402053833 48
1778836476095 0.8692349195480347 49
1778836412156 0.7447097301483154 0
