1778836412156 0.507591962814331 0
1778836413289 0.4077271521091461 1
1778836414959 0.37872979044914246 2
1778836416547 0.3616231679916382 3
1778836417994 0.3546695113182068 4
1778836419606 0.3501598834991455 5
1778836421029 0.3479941487312317 6
1778836422345 0.34463170170783997 7
1778836423450 0.34299662709236145 8
1778836424525 0.34012293815612793 9
1778836425868 0.3387298583984375 10
1778836427187 0.33634403347969055 11
1778836428568 0.33535632491111755 12
1778836430152 0.33417361974716187 13
1778836431701 0.33357176184654236 14
1778836433063 0.331646591424942 15
1778836434470 0.3315446674823761 16
1778836435811 0.3292641341686249 17
1778836437226 0.329241007566452 18
1778836438640 0.3278842568397522 19
1778836439543 0.327449768781662 20
1778836440427 0.32646554708480835 21
1778836441381 0.32551127672195435 22
1778836442614 0.32493674755096436 23
1778836443818 0.32327303290367126 24
1778836445241 0.3229407072067261 25
1778836446643 0.3225069046020508 26
1778836448062 0.32183918356895447 27
1778836449480 0.32141542434692383 28
1778836450977 0.3203713595867157 29
1778836452439 0.3203810155391693 30
1778836453806 0.31904810667037964 31
1778836455101 0.3187212347984314 32
1778836455825 0.3183489441871643 33
1778836456844 0.3177106976509094 34
1778836458065 0.31756460666656494 35
1778836459483 0.316959023475647 36
1778836460948 0.31639915704727173 37
1778836462545 0.315950483083725 38
1778836463705 0.3155573010444641 39
1778836464877 0.3155318796634674 40
1778836466139 0.31593915820121765 41
1778836467261 0.3147069215774536 42
1778836468509 0.31403031945228577 43
1778836469894 0.3138904273509979 44
1778836471160 0.31277143955230713 45
1778836472246 0.31292152404785156 46
1778836473486 0.3118676245212555 47
1778836474793 0.31236523389816284 48
1778836476095 0.31130510568618774 49
1778836412156 0.507591962814331 0
