1778858064143 0.7799782752990723 0
1778858064973 0.8274552226066589 1
1778858065784 0.8452251553535461 2
1778858066617 0.8551275134086609 3
1778858067461 0.8563483357429504 4
1778858068422 0.8570265769958496 5
1778858069460 0.8571622371673584 6
1778858070293 0.8579761385917664 7
1778858071140 0.8612316846847534 8
1778858072101 0.8612316846847534 9
1778858073287 0.8609603643417358 10
1778858074063 0.861638605594635 11
1778858074776 0.8661150336265564 12
1778858075697 0.8632664084434509 13
1778858076499 0.8640803098678589 14
1778858077260 0.8638089895248413 15
1778858078010 0.8646228909492493 16
1778858078920 0.8667932748794556 17
1778858079883 0.8667932748794556 18
1778858080598 0.8657081127166748 19
1778858081258 0.8651654720306396 20
1778858081932 0.8659793734550476 21
1778858082607 0.8669289350509644 22
1778858083346 0.8676071763038635 23
1778858084043 0.866521954536438 24
1778858084895 0.866386353969574 25
1778858085623 0.8653011322021484 26
1778858086411 0.8667932748794556 27
1778858087153 0.866386353969574 28
1778858088032 0.8653011322021484 29
1778858088766 0.8672001957893372 30
1778858089598 0.8672001957893372 31
1778858090398 0.867335855960846 32
1778858091066 0.8674715161323547 33
1778858091848 0.8661150336265564 34
1778858092929 0.8662506937980652 35
1778858093802 0.8672001957893372 36
1778858094632 0.8684210777282715 37
1778858095343 0.8677428364753723 38
1778858096062 0.8690993189811707 39
1778858096771 0.8670645952224731 40
1778858097596 0.8688279986381531 41
1778858098433 0.8690993189811707 42
1778858099156 0.870591402053833 43
1778858099867 0.870455801486969 44
1778858100711 0.8689636588096619 45
1778858101571 0.8692349195480347 46
1778858102518 0.870455801486969 47
1778858103832 0.870455801486969 48
1778858104844 0.8693705797195435 49
1778858064143 0.7799782752990723 0
