1778858064143 0.4779684543609619 0
1778858064973 0.40490928292274475 1
1778858065784 0.37954089045524597 2
1778858066617 0.3612092137336731 3
1778858067461 0.3532228469848633 4
1778858068422 0.3477284014225006 5
1778858069460 0.3450104296207428 6
1778858070293 0.3421086072921753 7
1778858071140 0.33992186188697815 8
1778858072101 0.33852067589759827 9
1778858073287 0.3367423713207245 10
1778858074063 0.33504989743232727 11
1778858074776 0.3345571458339691 12
1778858075697 0.33349648118019104 13
1778858076499 0.3325757384300232 14
1778858077260 0.3320113718509674 15
1778858078010 0.3302847743034363 16
1778858078920 0.3302993178367615 17
1778858079883 0.3285119831562042 18
1778858080598 0.3289560377597809 19
1778858081258 0.3274337947368622 20
1778858081932 0.3265652656555176 21
1778858082607 0.327134907245636 22
1778858083346 0.3256065249443054 23
1778858084043 0.3257100582122803 24
1778858084895 0.32469815015792847 25
1778858085623 0.3244364857673645 26
1778858086411 0.32379183173179626 27
1778858087153 0.3246794641017914 28
1778858088032 0.32280799746513367 29
1778858088766 0.32205891609191895 30
1778858089598 0.32218289375305176 31
1778858090398 0.32119020819664 32
1778858091066 0.3216789960861206 33
1778858091848 0.32059407234191895 34
1778858092929 0.32028672099113464 35
1778858093802 0.32062605023384094 36
1778858094632 0.3206777572631836 37
1778858095343 0.3188844621181488 38
1778858096062 0.3187871277332306 39
1778858096771 0.3181614279747009 40
1778858097596 0.31885161995887756 41
1778858098433 0.3176151514053345 42
1778858099156 0.31749826669692993 43
1778858099867 0.31704437732696533 44
1778858100711 0.31621888279914856 45
1778858101571 0.3165869116783142 46
1778858102518 0.3156431019306183 47
1778858103832 0.3164794445037842 48
1778858104844 0.31490883231163025 49
1778858064143 0.4779684543609619 0
